shape 1
flat
5,1,7,0,2
10,0,6,11,1
10,0,5,11,1
5,0,6,7,2
diaganals




shape 2
flat
5,2,6,7,3
16,0,5,10,11
5,1,2,6,3
16,0,5,11,6



shape 3
flat
11,1,5,6,12
10,1,5,6,7
11,0,1,6,7
11,5,6,7,2
roations
10,1,6,11,7
11,0,5,6,7
11,1,5,6,2
12,1,5,6,7


shape 4
flat
5,1,6,7
10,0,5,6
6,0,1,2
11,5,6,1


shape 5
flat
5,1,6,7,8
15,0,5,10,6
7,0,1,2,3
16,6,10,11,1
rotate
5,2,6,7,8
15,0,5,10,11
6,0,1,2,3
16,5,6,11,1



shape 6
5,1,6,7,2
10,0,5,11,6
5,0,1,6,2
11,0,5,6,1
roation
5,0,1,6,7
10,0,5,6,1
6,0,1,7,2
10,5,6,11,1

Shape 7
flat

5,1,6,2
11,0,5,6
roation
6,0,1,7
10,6,5,1



shape 8
10,0,5,1
7,0,1,2
10,6,11,1
5,0,6,7
rotation
11,0,6,1
5,6,7,2
10,0,5,11
5,0,1,2

shape 9
12,0,1,7,2
10,7,11,12,2
10,0,5,11,12
10,0,1,5,2


shape 10
flat
5,0,6,7,8
15,0,5,10,1
8,0,1,2,3
15,6,11,16,1

rotation
5,0,1,2,3
16,0,6,11,1
5,6,7,8,3
15,0,5,10,16


shape 11
5,0,6
5,0,1
6,0,1
5,6,1

shape 12

7,0,1,6,12
10,6,7,11,2
11,0,5,6,12
10,1,5,6,2


vertical shape 1

54,52,51,43,31
51,43,45,28,8

54,53,50,49,35
53,49,45,40,18

54,52,51,47,34
52,47,45,37,16

54,53,50,41,30
50,41,45,25,6


flip

54,53,45,30,41
54,52,45,32,43
54,50,45,35,49
54,51,45,34,47

52,45,34,16,37
50,45,30,6,25
51,45,31,8,28
53,45,35,18,40


vertical shape 2
0,25,41,45,30
1,26,42,46,31
5,29,44,48,34
6,30,45,49,35

4,28,43,45,31
3,27,42,44,30
9,32,46,48,35
8,33,43,45,34

24,40,49,35,45
19,36,46,42,31
23,39,48,34,44
18,35,30,45,41

20,37,47,45,34
21,37,48,46,35
15,33,44,42,30
16,34,31,45,43


53,50,41,45,25
52,51,43,45,28
50,53,49,45,40
37,47,45,52,51

still needs upside down

0,25,41,6,30
5,29,44,11,34
1,26,42,7,31
25,41,50,30,45
29,44,52,34,48
26,42,51,31,46

4,28,43,8,31
3,27,42,7,30
9,32,46,13,32
28,31,43,45,51
27,30,42,44,50
32,35,46,48,53



shape 12 vertical

41,45,49,50,53

shape 7 vertical
33,30,44,42
